0.001251 0.563585
0.996796 0.999695
0.834681 0.035096
0.217566 0.065950
0.435499 0.890225
0.574450 0.442061
0.049623 0.974578
0.914151 0.637471
0.552843 0.051241
0.852016 0.331614
0.279305 0.560717
0.721763 0.859066
0.083682 0.262764
0.394421 0.276864
0.472091 0.699240
0.237068 0.885708
0.700552 0.630696
0.573901 0.262947
0.989563 0.819941
0.014618 0.772179
0.016175 0.075106
0.995727 0.228828
0.710379 0.186926
0.846400 0.768761
0.775231 0.997223
0.371014 0.043641
0.322123 0.752922
0.986694 0.002289
0.158422 0.440779
0.813044 0.497330
0.459975 0.546770
0.150487 0.677419
0.582751 0.943205
0.381970 0.441939
0.269570 0.232276
0.596789 0.782281
0.458388 0.184027
0.957396 0.471328
0.889798 0.919645
0.842372 0.194372
0.677084 0.037416
0.109134 0.148137
0.707266 0.738426
0.044496 0.377148
0.677358 0.401105
0.179205 0.987610
0.600574 0.557512
0.078280 0.872799
0.996338 0.344829
0.475997 0.352611
0.299509 0.351024
0.953093 0.120670
0.686361 0.952086
0.352794 0.642323
0.168981 0.803247
0.183203 0.297678
0.002686 0.187048
0.323405 0.982360
0.102176 0.507340
0.984832 0.704428
0.804041 0.625904
0.133122 0.017182
0.719810 0.528794
0.166326 0.584399
0.600848 0.163335
0.461806 0.987518
0.023591 0.668172
0.244179 0.671865
0.721061 0.287637
0.338725 0.145146
0.203711 0.160100
0.410077 0.772210
0.483932 0.819880
0.540452 0.637684
0.467360 0.430280
0.928892 0.299539
0.815699 0.860500
0.324961 0.852443
0.078890 0.595996
0.222877 0.496872
0.363628 0.534043
0.892972 0.840205
0.616077 0.700156
0.760155 0.096500
0.972930 0.573626
0.219855 0.392529
0.478896 0.012421
0.903073 0.531114
0.879421 0.995209
0.006073 0.274941
0.540452 0.872677
0.446669 0.092654
0.776849 0.417310
0.883297 0.113620
0.289529 0.040925
0.474105 0.264504
0.255531 0.802301
0.573870 0.372021
0.901334 0.411878
0.633839 0.860561
0.913114 0.028626
0.812983 0.699942
0.111850 0.350536
0.291177 0.458449
0.786218 0.249702
0.052919 0.013153
0.109470 0.758782
0.984191 0.925810
0.350139 0.207434
0.370861 0.933317
0.026307 0.457533
0.746422 0.019135
0.000610 0.890652
0.131352 0.916990
0.522172 0.505509
0.438734 0.629200
0.870296 0.259041
0.395459 0.341288
0.525376 0.572527
0.755089 0.800043
0.640126 0.475631
0.660054 0.284707
0.279794 0.296854
0.239418 0.955473
0.118992 0.982116
0.751030 0.939634
0.688894 0.800989
0.202063 0.737419
0.610431 0.093997
0.511032 0.937803
0.784814 0.558000
0.700674 0.462539
0.008454 0.335521
0.396466 0.697104
0.503708 0.121525
0.949400 0.866756
0.535234 0.193548
0.820215 0.933012
0.898740 0.704459
0.624256 0.620563
0.086093 0.088565
0.265023 0.147191
0.911588 0.176153
0.101962 0.413984
0.695547 0.342936
0.994476 0.165502
0.991333 0.640858
0.055025 0.538285
0.039888 0.129154
0.764336 0.337779
0.150578 0.208014
0.671529 0.128788
0.918302 0.768517
0.997070 0.068087
0.608661 0.314554
0.065188 0.197302
0.542924 0.809076
0.620411 0.005554
0.230354 0.594745
0.918638 0.583026
0.164769 0.103427
0.837031 0.419355
0.530595 0.708335
0.781732 0.177099
0.866146 0.468429
0.223334 0.258644
0.147252 0.854030
0.400281 0.992889
0.426588 0.390637
0.849300 0.559740
0.189001 0.935484
0.395032 0.163244
0.327342 0.696158
0.825648 0.102817
0.824854 0.283914
0.934233 0.245674
0.448531 0.490432
0.165166 0.516984
0.530290 0.317087
0.262612 0.725547
0.748192 0.673818
0.219398 0.839595
0.369121 0.823389
0.666311 0.583911
0.093997 0.662984
0.335734 0.304758
0.631611 0.988037
0.998138 0.418134
0.549913 0.991974
0.283151 0.919187
0.395947 0.100803
0.410443 0.227271
0.477767 0.767235
0.625050 0.246956
0.272774 0.409040
0.656453 0.729209
0.187414 0.886868
0.177221 0.357860
0.291910 0.632801
0.737571 0.582965
0.559435 0.123905
0.056734 0.312479
0.876522 0.798151
0.950011 0.371868
0.424299 0.828852
0.610431 0.413373
0.735130 0.384930
0.717246 0.993347
0.336222 0.092074
0.852412 0.642720
0.520585 0.447127
0.498672 0.660543
0.079196 0.805719
0.236976 0.004791
0.403180 0.581408
0.945189 0.975585
0.862728 0.383557
0.766564 0.474410
0.669179 0.896817
0.493210 0.882229
0.250130 0.340587
0.051851 0.727897
0.339946 0.486526
0.233222 0.112461
0.432051 0.034455
0.524888 0.271523
0.050172 0.911649
0.993835 0.285836
0.346751 0.391675
0.002411 0.938688
0.773888 0.736442
0.971343 0.774438
0.223975 0.546525
0.594501 0.892331
0.014039 0.510056
0.573321 0.728141
0.637623 0.932768
0.980132 0.518204
0.136326 0.286355
0.714194 0.236915
0.190741 0.024506
0.723380 0.134709
0.025758 0.829829
0.352184 0.588824
0.370373 0.883267
0.654347 0.524125
0.524735 0.380718
0.940306 0.063112
0.346904 0.005829
0.635548 0.363201
0.499252 0.614673
0.322245 0.799768
0.811090 0.378002
0.787317 0.063204
0.154912 0.626484
0.461501 0.922452
0.158116 0.151921
0.407819 0.518113
0.131230 0.553056
0.205634 0.455641
0.941832 0.680868
0.576098 0.659017
0.060152 0.493942
0.191443 0.226295
0.198279 0.658498
0.007172 0.615894
0.643055 0.160253
0.429914 0.722983
0.579089 0.845332
0.574175 0.492721
0.681814 0.681570
0.749168 0.207587
0.581317 0.604053
0.375347 0.741508
0.310862 0.260048
0.762719 0.882717
0.757408 0.622913
0.463271 0.306558
0.221259 0.703085
0.469222 0.055818
0.304849 0.205298
0.494339 0.211219
0.944334 0.411969
0.018342 0.226814
0.807886 0.805658
0.999512 0.875576
0.097140 0.717765
0.532609 0.756645
0.900601 0.348003
0.005158 0.421339
0.144017 0.735343
0.676260 0.852718
0.943785 0.817072
0.936644 0.927061
0.401105 0.653035
0.010498 0.030824
0.094882 0.947447
0.718925 0.094546
0.525376 0.004517
0.320078 0.533830
0.598071 0.042940
0.275735 0.494919
0.638997 0.053041
0.870815 0.067019
0.517045 0.084262
0.949614 0.728660
0.857112 0.866237
0.907590 0.959349
0.455702 0.851680
0.284188 0.104495
0.641682 0.818567
0.716147 0.916349
0.504288 0.984558
0.318369 0.426801
0.426954 0.434339
0.829890 0.991424
0.008820 0.715537
0.544084 0.918912
0.952910 0.207587
0.267251 0.986419
0.329875 0.920652
0.860408 0.959075
0.495621 0.163823
0.127018 0.244392
0.840571 0.148686
0.783868 0.289560
0.184027 0.484298
0.133213 0.816736
0.882199 0.216315
0.862941 0.682424
0.668447 0.083407
0.964476 0.312021
0.840052 0.830805
0.465987 0.137211
0.663137 0.640950
0.665029 0.224677
0.063509 0.448714
0.132572 0.072207
0.917173 0.487716
0.843593 0.597278
0.660939 0.437178
0.106082 0.198340
0.577502 0.213843
0.796167 0.137883
0.442244 0.246986
0.947752 0.165227
0.784295 0.007202
0.364055 0.246681
0.117405 0.448866
0.237861 0.299295
0.152837 0.394421
0.266762 0.856899
0.037690 0.579302
0.341655 0.351848
0.570879 0.306314
0.888333 0.314249
0.717734 0.699057
0.444288 0.671651
0.059572 0.680135
0.485336 0.391949
0.428480 0.142827
0.116611 0.613544
0.288888 0.679434
0.505722 0.043825
0.541887 0.231910
0.707083 0.007111
0.392895 0.009980
0.225227 0.996307
0.253578 0.201788
0.217170 0.777947
0.179510 0.070406
0.615192 0.512009
0.807611 0.756493
0.846828 0.514542
0.676931 0.998230
0.441084 0.577746
0.802026 0.323527
0.388195 0.483383
0.650166 0.774285
0.045656 0.053285
0.316050 0.573992
0.409345 0.920408
0.058321 0.641713
0.725516 0.429456
0.040895 0.877010
0.603290 0.473220
0.321238 0.055574
0.678579 0.497421
0.842982 0.719687
0.858669 0.003693
0.151830 0.965270
0.502091 0.534867
0.564745 0.566424
0.595721 0.987915
0.616230 0.742912
0.571795 0.015687
0.742058 0.060488
0.180425 0.261177
0.506638 0.786431
0.110324 0.852840
0.383740 0.613727
0.018952 0.000336
0.771691 0.843684
0.251473 0.765893
0.425611 0.325846
0.105472 0.308145
0.368358 0.314829
0.993927 0.467025
0.358470 0.780145
0.387310 0.402966
0.085788 0.033723
0.430189 0.955229
0.629841 0.659658
0.290445 0.959105
0.804834 0.899777
0.058565 0.410993
0.483474 0.467330
0.951842 0.641407
0.313791 0.382702
0.228126 0.920042
0.778832 0.517747
0.903012 0.142186
0.628559 0.212958
0.508438 0.731803
0.952239 0.021973
0.274667 0.007080
0.723655 0.781152
0.214698 0.341655
0.082980 0.991180
0.901120 0.880673
0.047517 0.252052
0.785821 0.963469
0.798883 0.456710
0.255409 0.048463
0.808344 0.220130
0.194830 0.614490
0.702231 0.578539
0.558611 0.526444
0.169927 0.762566
0.515976 0.842372
0.852199 0.905209
0.599689 0.282418
0.225501 0.638752
0.184423 0.546098
0.004669 0.977172
0.368206 0.974151
0.392224 0.852657
0.922117 0.445753
0.499161 0.316416
0.986663 0.962615
0.654866 0.012268
0.655171 0.318918
0.999847 0.545396
0.555803 0.161992
0.059938 0.770745
0.951353 0.539445
0.974822 0.607532
0.070894 0.351817
0.749840 0.302255
0.009491 0.862392
0.500320 0.422224
0.869320 0.165654
0.822016 0.666738
0.569750 0.091372
0.633534 0.117191
0.078402 0.163549
0.246315 0.441359
0.967711 0.090243
0.105106 0.896481
0.759056 0.138218
0.308206 0.884671
0.754875 0.544725
0.287545 0.769036
0.987213 0.127842
0.179052 0.838466
0.859920 0.292306
0.445143 0.794305
0.363170 0.678976
0.728935 0.487869
0.427381 0.289346
0.998932 0.673757
0.899777 0.281106
0.883175 0.499893
0.676565 0.550035
0.003174 0.105930
0.610340 0.813807
0.272256 0.606525
0.085421 0.625233
0.995483 0.738548
0.655477 0.189550
0.118107 0.643757
0.758843 0.709586
0.536821 0.961241
0.264016 0.082217
0.388714 0.195227
0.873318 0.743339
0.630238 0.584368
0.488266 0.504593
0.910947 0.227546
0.945585 0.500076
0.815485 0.166326
0.139164 0.331034
0.784600 0.929289
0.093020 0.474227
0.188788 0.421674
0.461898 0.649342
0.440657 0.355083
0.406354 0.054170
0.688650 0.764244
0.224464 0.209204
0.319773 0.608356
0.301767 0.723960
0.270150 0.371166
0.688711 0.258492
0.311930 0.005463
0.359813 0.176153
0.348277 0.728416
0.904263 0.665822
0.287210 0.813746
0.055818 0.080935
0.483963 0.575091
0.754143 0.251747
0.247597 0.520920
0.722861 0.658589
0.939421 0.335337
0.956023 0.278787
0.690786 0.300455
0.131535 0.109684
0.962401 0.239051
0.343150 0.272073
0.255989 0.645222
0.137638 0.491867
0.081790 0.838984
0.570238 0.404950
0.830470 0.248573
0.351634 0.433180
0.746971 0.972167
0.713584 0.825220
0.175420 0.001434
0.891934 0.609973
0.009339 0.139531
0.885922 0.578692
0.692190 0.521317
0.833308 0.458663
0.883267 0.021271
0.220923 0.037080
0.310587 0.132481
0.126164 0.379650
0.877773 0.438124
0.051820 0.605579
0.995788 0.034761
0.192572 0.693289
0.623341 0.446486
0.712912 0.042146
0.823206 0.000214
0.396313 0.809564
0.985717 0.391430
0.464858 0.732017
0.806543 0.583453
0.483566 0.955535
0.587817 0.343394
0.188910 0.387555
0.198126 0.121128
0.123051 0.699973
0.749626 0.764306
0.677786 0.166082
0.540330 0.600391
0.093478 0.121036
0.447951 0.755455
0.908017 0.073092
0.518509 0.903470
0.236213 0.162023
0.637104 0.403821
0.543260 0.422956
0.784234 0.684103
0.515061 0.349437
0.533311 0.679739
0.036073 0.942808
0.424604 0.858913
0.161138 0.046144
0.731284 0.329600
0.917295 0.989410
0.455306 0.604389
0.816858 0.545000
0.084750 0.222938
0.303842 0.170873
0.675130 0.614521
0.386334 0.133244
0.941954 0.607288
0.503952 0.246254
0.246834 0.570696
0.605090 0.377056
0.261635 0.264473
0.050600 0.171300
0.135441 0.421705
0.837275 0.804590
0.538774 0.472884
0.084902 0.003052
0.026002 0.305002
0.527146 0.150517
0.367992 0.077486
0.421247 0.472884
0.052400 0.283883
0.462630 0.216407
0.738456 0.172704
0.807245 0.022828
0.178930 0.327158
0.620716 0.886013
0.290994 0.078524
0.076540 0.561113
0.973540 0.850795
0.219001 0.426923
0.027924 0.639119
0.919431 0.113834
0.424726 0.178137
0.438276 0.523667
0.670583 0.821741
0.204169 0.967345
0.997284 0.590472
0.665212 0.364025
0.334422 0.239540
0.807947 0.416578
0.782189 0.649220
0.595416 0.234199
0.770775 0.035798
0.684011 0.192297
0.486923 0.853694
0.292215 0.534593
0.414167 0.615467
0.566729 0.629658
0.179113 0.182440
0.162755 0.911496
0.547838 0.844295
0.422773 0.549547
0.530778 0.534227
0.958037 0.902371
0.654225 0.958892
0.299020 0.994964
0.040925 0.800684
0.780877 0.772881
0.791345 0.352611
0.198004 0.518296
0.114444 0.578753
0.024873 0.544969
0.823603 0.062716
0.080874 0.918027
0.157384 0.468490
0.998566 0.783624
0.695029 0.434523
0.295206 0.846156
0.894559 0.384320
0.631214 0.275948
0.743645 0.903806
0.921476 0.725211
0.140233 0.885708
0.794824 0.103763
0.355968 0.854732
0.751732 0.360881
0.381542 0.373852
0.653523 0.256233
0.697134 0.881252
0.921873 0.372753
0.739891 0.455336
0.237220 0.736839
0.570971 0.970031
0.881893 0.768456
0.008698 0.803156
0.141484 0.771020
0.103549 0.539109
0.544908 0.296152
0.910367 0.795404
0.115970 0.270974
0.073733 0.381237
0.150365 0.259621
0.302042 0.315378
0.997742 0.198157
0.604358 0.134892
0.264657 0.829249
0.722648 0.608692
0.379864 0.509140
0.680593 0.709708
0.752464 0.505051
0.842067 0.358684
0.376110 0.563982
0.498154 0.685629
0.966338 0.998901
0.306345 0.481552
0.073580 0.056459
0.334483 0.957976
0.011505 0.386303
0.960631 0.941313
0.430677 0.073977
0.874752 0.886624
0.551988 0.338054
0.318766 0.651021
0.723624 0.554888
0.575213 0.686789
0.548753 0.781030
0.797845 0.833094
0.686911 0.923093
0.809961 0.959807
0.648244 0.607593
0.576159 0.802698
0.398816 0.961028
0.926206 0.538499
0.533219 0.028016
0.351878 0.115146
0.131748 0.045900
0.637928 0.083224
0.427869 0.007050
0.381329 0.219459
0.606555 0.863216
0.173009 0.732170
0.127812 0.519852
0.241127 0.373547
0.710807 0.396344
0.930876 0.844997
0.773797 0.593402
0.632466 0.542131
0.330912 0.451003
0.922605 0.892636
0.423780 0.112827
0.800531 0.725944
0.399365 0.878933
0.746544 0.415571
0.546251 0.367260
0.862636 0.233436
0.721366 0.954192
0.536027 0.110599
0.588946 0.523972
0.255257 0.926878
0.570421 0.764519
0.033021 0.203314
0.216559 0.813898
0.367779 0.340403
0.641163 0.687857
0.455306 0.379772
0.201331 0.577899
0.972381 0.680227
0.031526 0.403607
0.696799 0.373760
0.650533 0.879788
0.561296 0.895657
0.780084 0.389721
0.876858 0.356304
0.996918 0.494308
0.453932 0.456374
0.945280 0.568468
0.904263 0.255928
0.076449 0.739708
0.128452 0.945036
0.471938 0.897855
0.040681 0.337718
0.877957 0.139958
0.869686 0.537645
0.043092 0.701498
0.596545 0.717521
0.968963 0.347026
0.344523 0.065279
0.948363 0.786309
0.841975 0.122044
0.970000 0.430708
0.127201 0.184301
0.308084 0.290231
0.549089 0.939787
0.467513 0.671499
0.169713 0.647237
0.345134 0.898099
0.027558 0.989868
0.899014 0.746818
0.069613 0.135319
0.698233 0.073702
0.476028 0.093936
0.574938 0.184423
0.341685 0.817560
0.972076 0.190985
0.606555 0.959593
0.435835 0.206763
0.271798 0.885433
0.331614 0.171972
0.022523 0.922117
0.345866 0.558733
0.479354 0.631031
0.241005 0.477889
0.878536 0.638966
0.060305 0.951537
0.213111 0.284951
0.270882 0.325541
0.110477 0.083926
0.779931 0.221107
0.603351 0.922025
0.106937 0.808832
0.693533 0.114048
0.972533 0.800134
0.135014 0.141301
0.941923 0.763817
0.677847 0.009217
0.030305 0.483963
0.624195 0.778771
0.352916 0.999023
0.733268 0.736595
0.774407 0.117405
0.381512 0.771722
0.749687 0.997864
0.692770 0.214972
0.333293 0.876278
0.058229 0.224860
0.285745 0.656209
0.638539 0.503403
0.891568 0.459944
0.601367 0.645680
0.213019 0.092471
0.508225 0.809503
0.872799 0.408002
0.619678 0.342296
0.802362 0.192755
0.085879 0.779656
0.652760 0.999237
0.359111 0.458663
0.631245 0.184332
0.186377 0.795160
0.453322 0.002747
0.008759 0.741569
0.731162 0.635304
0.025147 0.169286
0.487838 0.286782
0.206946 0.007843
0.156011 0.556963
0.829188 0.884426
0.577166 0.068667
0.659780 0.919156
0.385235 0.904965
0.166326 0.239814
0.916105 0.326823
0.028657 0.095462
0.846858 0.071841
0.430921 0.999939
0.281289 0.210669
0.501328 0.759301
0.453902 0.950774
0.057497 0.828211
0.020325 0.255074
0.937651 0.096103
0.859340 0.097354
0.590503 0.114872
0.102969 0.054964
0.424451 0.693319
0.883175 0.945738
0.737724 0.113834
0.990722 0.253059
0.285165 0.432386
0.171270 0.864132
0.782708 0.711875
0.261849 0.697012
0.028047 0.428571
0.696616 0.141301
0.328654 0.330943
0.966155 0.145695
0.000122 0.486190
0.094913 0.438490
0.022401 0.356456
0.994537 0.366863
0.487686 0.925382
0.177374 0.131932
0.416333 0.367656
0.816889 0.351787
0.314829 0.503861
0.036287 0.269539
0.577807 0.869320
0.860347 0.707053
0.858730 0.044496
0.477218 0.324320
0.145299 0.358562
0.745201 0.843959
0.592456 0.755425
0.244118 0.849239
0.207434 0.866237
0.287027 0.587115
0.950530 0.447645
0.995666 0.615070
0.397778 0.732109
0.959990 0.392529
0.456526 0.159246
0.674490 0.464248
0.312143 0.088687
0.551195 0.739402
0.791040 0.865505
0.974670 0.882534
0.659688 0.669851
0.837153 0.688864
0.724052 0.888180
0.851039 0.402234
0.937437 0.390149
0.927519 0.269082
0.691855 0.977691
0.087680 0.688559
0.577654 0.915189
0.492660 0.712760
0.854030 0.981750
0.438337 0.930235
0.931059 0.009430
0.344066 0.611499
0.305918 0.932615
0.631245 0.307871
0.313944 0.829096
0.084628 0.292245
0.719443 0.364177
0.854946 0.929868
0.204627 0.314188
0.525407 0.064241
0.453658 0.820765
0.392010 0.033174
0.998932 0.902097
0.397931 0.313730
0.199286 0.910092
0.279519 0.174932
0.559587 0.706565
0.544267 0.087588
0.707297 0.320719
0.414960 0.794122
0.394787 0.244667
0.258339 0.102939
0.607593 0.671865
0.152379 0.938963
0.011933 0.586657
0.478896 0.603290
0.272073 0.785760
0.468245 0.515976
0.366497 0.708304
0.480209 0.238411
0.202490 0.183966
0.543382 0.400128
0.484878 0.037141
0.502243 0.485244
0.139500 0.591418
0.689657 0.597797
0.150517 0.707785
0.038301 0.749626
0.170965 0.702048
0.824763 0.397900
0.501541 0.001068
0.113865 0.671926
0.615802 0.067904
0.289560 0.245155
0.004639 0.689962
0.843745 0.221473
0.497238 0.448927
0.241585 0.229621
0.378307 0.648305
0.858364 0.785607
0.891049 0.091159
0.454421 0.115909
0.092532 0.330851
0.923551 0.152074
0.128300 0.217597
0.933348 0.040193
0.355571 0.504990
0.444258 0.419843
0.974944 0.057161
0.609424 0.195532
0.117710 0.877560
0.385388 0.670705
0.595294 0.007782
0.789453 0.478866
0.306803 0.908872
0.776818 0.310892
0.352306 0.757897
0.451125 0.279061
0.705008 0.493057
0.050325 0.106265
0.919309 0.400616
0.374310 0.799219
0.832942 0.576739
0.324259 0.029969
0.972991 0.165746
0.634724 0.906919
0.079257 0.528214
0.727500 0.263192
0.551683 0.657826
0.156865 0.997436
0.315073 0.674459
0.006287 0.053255
0.872189 0.192877
0.377392 0.590777
0.936521 0.222144
0.110355 0.023621
0.294931 0.409101
0.092654 0.969543
0.257332 0.549242
0.755058 0.646809
0.252327 0.623096
0.023469 0.891842
0.989959 0.100742
0.409925 0.418744
0.621265 0.154820
0.498001 0.068178
0.840663 0.948302
0.028748 0.600116
0.154180 0.309091
0.041993 0.853023
0.712241 0.804163
0.631886 0.027284
0.435286 0.977569
0.859157 0.492843
0.499466 0.368297
0.779229 0.801141
0.708243 0.677511
0.562975 0.466811
0.717399 0.209479
0.200690 0.358409
0.911161 0.000488
0.249397 0.408246
0.601520 0.613117
0.901578 0.435621
0.108860 0.921354
0.637196 0.428175
0.223090 0.133183
0.660634 0.795984
0.230415 0.184332
0.758904 0.279611
0.270821 0.515610
0.493759 0.188604
0.865230 0.842372
0.133702 0.789575
0.182165 0.957732
0.395703 0.460128
0.072604 0.105716
0.922117 0.200720
0.835627 0.485549
0.448347 0.702078
0.679861 0.739341
0.869137 0.610248
0.882748 0.862423
0.425916 0.657826
0.254738 0.498184
0.514634 0.223457
0.429060 0.500748
0.137852 0.162633
0.854610 0.442976
0.512803 0.870113
0.777520 0.152928
0.421277 0.261238
0.598163 0.439589
0.417890 0.747612
0.544267 0.503281
0.118320 0.476730
0.242500 0.712699
0.166112 0.283181
0.180120 0.157689
0.907071 0.556536
0.028748 0.726798
0.271828 0.945219
0.576922 0.037324
0.757927 0.570177
0.271310 0.755455
0.163793 0.021546
0.240699 0.082003
0.957884 0.698386
0.447554 0.054170
0.502091 0.558733
0.553819 0.210547
0.246925 0.988678
0.000061 0.306619
0.230232 0.321055
0.256935 0.022309
0.656056 0.102939
0.874722 0.820185
0.762688 0.379955
0.255226 0.590869
0.897183 0.197272
0.042146 0.508957
0.717154 0.160222
0.824396 0.638691
0.393872 0.540361
0.000092 0.447981
0.320353 0.359172
0.777367 0.441847
0.973052 0.745415
0.685690 0.658345
0.968291 0.826930
0.808893 0.081668
0.371899 0.100284
0.989532 0.311136
0.349010 0.031648
0.109653 0.781091
0.561296 0.588855
0.832820 0.307596
0.543443 0.555284
0.363964 0.142796
0.468612 0.405499
0.593310 0.579211
0.221870 0.678487
0.680044 0.278451
0.105045 0.238838
0.296579 0.749809
0.244942 0.142338
0.662008 0.980529
0.291879 0.269082
0.685110 0.321696
0.189245 0.201514
0.809839 0.266610
0.516434 0.593860
0.091464 0.392407
0.514512 0.293191
0.325327 0.110813
0.976592 0.454360
0.022523 0.965545
0.627613 0.721702
0.122990 0.721183
0.075045 0.427595
0.843226 0.171606
0.262520 0.457045
0.820460 0.779107
0.364513 0.274056
0.823420 0.737114
0.406446 0.186010
0.770196 0.905057
0.585223 0.319956
0.736473 0.232887
0.221503 0.519456
0.895962 0.813410
0.884274 0.971954
0.519669 0.177770
0.725913 0.758080
0.403363 0.078494
0.886135 0.043519
0.592730 0.502060
0.155980 0.176824
0.061342 0.039186
0.185461 0.595721
0.417402 0.938597
0.830805 0.969237
0.764244 0.004578
0.472823 0.788018
0.153294 0.126560
0.104923 0.174871
0.135838 0.618732
0.588824 0.388440
0.550249 0.262398
0.085604 0.890957
0.878414 0.279885
0.745506 0.865566
0.213965 0.229865
0.084201 0.186377
0.204596 0.995819
0.004242 0.999817
0.803949 0.985046
0.920957 0.689291
0.935911 0.464797
0.488357 0.744255
0.881771 0.717582
0.618427 0.844203
0.153111 0.825678
0.491379 0.339488
0.145054 0.531510
0.117435 0.126225
0.294961 0.869198
0.076937 0.651753
0.804163 0.522965
0.301218 0.793512
0.202246 0.252449
0.589099 0.821497
0.795099 0.432630
0.795190 0.603778
0.629841 0.955901
0.823634 0.127354
0.035066 0.027955
0.307993 0.229774
0.431776 0.604999
0.658193 0.842921
0.765770 0.234596
0.544542 0.450179
0.238044 0.814051
0.223029 0.757225
0.974212 0.215247
0.003754 0.530259
0.911588 0.930296
0.510208 0.637257
0.578906 0.157170
0.203314 0.404035
0.232978 0.793695
0.252297 0.122318
0.874691 0.907132
0.699454 0.857387
0.920377 0.514145
0.846980 0.621723
0.690542 0.235511
0.365917 0.488052
0.283425 0.131993
0.329508 0.631214
0.776421 0.630207
0.407849 0.494003
0.510666 0.401868
0.201544 0.712058
0.457564 0.332224
0.282540 0.703543
0.180670 0.456099
0.802454 0.674367
0.666219 0.061251
0.884243 0.238594
0.520371 0.614826
0.823054 0.608875
0.036927 0.780206
0.355541 0.296793
0.890500 0.160497
0.000610 0.647877
0.489120 0.134922
0.611286 0.537553
0.222602 0.612781
0.068361 0.715018
0.000122 0.162236
0.292825 0.382550
0.657735 0.495071
0.557329 0.000702
0.540910 0.898312
0.731040 0.934019
0.974456 0.372906
0.912931 0.461837
0.887265 0.680502
0.514786 0.676138
0.113681 0.003937
0.581713 0.556444
0.173650 0.622028
0.368389 0.020783
0.139164 0.653279
0.162542 0.417432
0.602619 0.258797
0.760460 0.822352
0.312937 0.963866
0.226997 0.860653
0.917783 0.610462
0.806055 0.290628
0.222480 0.944517
0.973815 0.486435
0.061617 0.583148
0.601856 0.216071
0.126164 0.400708
0.786248 0.891415
0.766289 0.954039
0.463668 0.033570
0.983306 0.982727
0.994507 0.845027
0.819483 0.441206
0.002594 0.247353
0.909696 0.051088
0.695120 0.413556
0.980071 0.552355
0.006439 0.834681
0.655354 0.388440
0.760796 0.453780
0.828547 0.913572
0.859615 0.660878
0.740776 0.144292
0.693930 0.025117
0.159001 0.341716
0.146275 0.090365
0.766289 0.055361
0.233772 0.278939
0.845363 0.537004
0.816523 0.467513
0.999908 0.948485
0.343059 0.415204
0.878140 0.698080
0.341777 0.839076
0.351299 0.934599
0.972747 0.028657
0.567827 0.234901
0.521989 0.657247
0.698569 0.783044
0.329142 0.216254
0.163488 0.887967
0.258950 0.294839
0.276315 0.347545
0.062624 0.996246
0.159215 0.497604
0.465133 0.569445
0.170415 0.379406
0.409711 0.129612
0.130314 0.308267
0.799280 0.781579
0.783227 0.329569
0.786248 0.087130
0.650166 0.568560
0.378857 0.287393
0.754021 0.187567
0.066469 0.898953
0.411512 0.713462
0.480850 0.999664
0.927580 0.955718
0.317118 0.773400
0.098453 0.869961
0.463973 0.874355
0.650594 0.753166
0.656728 0.459914
0.102695 0.597705
0.159185 0.784417
0.735984 0.696677
0.415998 0.634724
0.224891 0.573595
0.320231 0.151799
0.760338 0.429579
0.750603 0.041963
0.591510 0.094089
0.625446 0.826106
0.093387 0.367809
0.319529 0.401227
0.505448 0.102756
0.741050 0.093844
0.651295 0.034547
0.564867 0.285073
0.754326 0.743614
0.369640 0.954924
0.712485 0.446303
0.067080 0.849391
0.441481 0.549211
0.082308 0.494430
0.101779 0.999603
0.406476 0.393994
0.340953 0.679067
0.341777 0.660085
0.846156 0.271401
0.190405 0.098849
0.444655 0.868160
0.053133 0.661031
0.634877 0.136021
0.963775 0.967772
0.187902 0.756462
0.946593 0.141423
0.072298 0.511795
0.202124 0.492569
0.550981 0.018525
0.704581 0.942778
0.308634 0.694449
0.773186 0.666616
0.336619 0.783654
0.711997 0.970672
0.703940 0.546159
0.878842 0.335307
0.659627 0.169927
0.690085 0.900754
0.728477 0.003174
0.760826 0.399243
0.206519 0.627583
0.635823 0.796686
0.099918 0.568560
0.231178 0.978698
0.825709 0.513901
0.731101 0.509873
0.338847 0.518448
0.912412 0.827387
0.801538 0.047151
0.066713 0.472915
0.216895 0.473769
0.147710 0.902158
0.553880 0.315744
0.439253 0.307443
0.642903 0.231147
0.753044 0.599933
0.208502 0.891354
0.779473 0.754448
0.955351 0.662130
0.660176 0.705222
0.376690 0.159398
0.966704 0.000427
0.056887 0.150975
0.690573 0.839045
0.182043 0.670675
0.207312 0.555528
0.709647 0.268715
0.475936 0.118961
0.822718 0.205176
0.059908 0.791559
0.330912 0.470504
0.944762 0.182958
0.073397 0.238624
0.261025 0.182714
0.400555 0.833003
0.840541 0.852504
0.670339 0.336833
0.266427 0.905393
0.620594 0.559954
0.461623 0.804224
0.392743 0.752403
0.539354 0.172430
0.464064 0.475570
0.370861 0.414624
0.938169 0.587939
0.420331 0.902371
0.648671 0.348613
0.923582 0.658315
0.149113 0.229377
0.154424 0.066225
0.971984 0.114292
0.959960 0.519822
0.597095 0.694021
0.299356 0.553514
0.922483 0.865688
0.863887 0.761132
0.135350 0.997894
0.398022 0.360088
0.942595 0.312906
0.831568 0.336894
0.733207 0.194983
0.264107 0.968078
0.071535 0.938353
0.292215 0.977691
0.941862 0.998444
0.341807 0.371838
0.018830 0.119785
0.973022 0.265450
0.369793 0.627705
0.977386 0.904538
0.294534 0.508164
0.321940 0.717032
0.253883 0.746422
0.192877 0.820154
0.181402 0.041658
0.291696 0.150212
0.412854 0.975646
0.323710 0.943693
0.591296 0.456282
0.586779 0.421339
0.432569 0.454512
0.982940 0.660268
0.904447 0.856838
0.830592 0.084384
0.819727 0.835810
0.348766 0.330119
0.899045 0.996094
0.026521 0.689474
0.930326 0.801752
0.532487 0.336985
0.773247 0.200110
0.617969 0.490280
0.531632 0.734367
0.929258 0.131504
0.863430 0.315317
0.997955 0.568499
0.971740 0.628651
0.290384 0.897275
0.645039 0.443770
0.759178 0.161504
0.001160 0.910337
0.155004 0.004181
0.953948 0.039583
0.802972 0.652089
0.331126 0.592914
0.295144 0.613727
0.115696 0.958922
0.671438 0.776116
0.199683 0.055910
0.528062 1.000000
0.361034 0.911100
0.024537 0.323130
0.531907 0.783990
0.846797 0.747093
0.235725 0.903806
0.259957 0.428480
0.324595 0.277383
0.796472 0.943693
0.431867 0.229438
0.898495 0.479873
0.088290 0.820460
0.587756 0.627155
0.009644 0.207190
0.564653 0.929685
0.244057 0.251961
0.814203 0.148900
0.038514 0.071413
0.938505 0.354289
0.860622 0.585528
0.165319 0.197302
0.787835 0.817316
0.938475 0.706595
0.979797 0.942961
0.953490 0.919431
0.563677 0.832057
0.394147 0.939604
0.492172 0.901517
0.619007 0.938200
0.840266 0.384960
0.133274 0.838710
0.347118 0.977691
0.625263 0.677480
0.556505 0.185705
0.218390 0.357952
0.978668 0.330119
0.700156 0.648701
0.499680 0.962249
0.377239 0.999847
0.805414 0.063356
0.602100 0.357738
0.346995 0.703543
0.077975 0.312723
0.461409 0.245369
0.482131 0.977477
0.438826 0.907865
0.034974 0.620624
0.430250 0.778222
0.503647 0.024598
0.922788 0.749382
0.434065 0.374554
0.054659 0.557787
0.303201 0.026917
0.350993 0.799066
0.023316 0.565905
0.405377 0.675405
0.970183 0.722861
0.479171 0.150853
0.164586 0.976775
0.939421 0.900876
0.121067 0.326456
0.175512 0.564196
0.422040 0.566546
0.375500 0.843165
0.232063 0.054933
0.218848 0.726493
0.782403 0.369549
0.477767 0.179083
0.656423 0.140263
0.858608 0.426618
0.769189 0.494827
0.110416 0.734428
0.556841 0.861751
0.731956 0.816157
0.884335 0.557176
0.228767 0.452376
0.742454 0.342784
0.765496 0.685995
0.105380 0.835047
0.718863 0.721427
0.047761 0.926176
0.475204 0.447493
0.523453 0.554216
0.544389 0.580493
0.922819 0.424787
0.651997 0.546007
0.052126 0.432051
0.346049 0.225135
0.743370 0.882687
0.808740 0.240883
0.293985 0.187445
0.989776 0.437391
0.274178 0.056124
0.370037 0.192785
0.703848 0.611621
0.558794 0.142582
0.641499 0.633015
0.197851 0.079043
0.268136 0.675314
0.407239 0.294107
0.769616 0.865108
0.853175 0.025239
0.293771 0.002289
0.486038 0.545305
0.202948 0.436628
0.336436 0.043275
0.058016 0.331645
0.659169 0.407636
0.565386 0.612873
0.208655 0.595660
0.255318 0.872250
0.526780 0.982116
0.518845 0.467910
0.571917 0.512345
0.370708 0.119724
0.802454 0.561205
0.415906 0.203406
0.792322 0.500076
0.520737 0.427107
0.523362 0.827174
0.241859 0.038697
0.678579 0.377911
0.427717 0.809564
0.441542 0.177282
0.763970 0.077364
0.063906 0.263100
0.862606 0.121708
0.361980 0.059725
0.584094 0.276009
0.332987 0.195898
0.507706 0.146794
0.839412 0.658467
0.793695 0.163121
0.684103 0.568590
0.028687 0.521134
0.830561 0.755211
0.478774 0.206153
0.230079 0.662770
0.688040 0.096561
0.614185 0.043855
0.909116 0.303354
0.081027 0.456038
0.677969 0.879665
0.134861 0.463332
0.316050 0.185797
0.509720 0.199835
0.742912 0.270547
0.992096 0.148381
0.617512 0.595538
0.453841 0.896054
0.237922 0.690664
0.697501 0.717215
0.629749 0.383557
0.710135 0.899380
0.607257 0.025575
0.384320 0.056246
0.587115 0.477859
0.613300 0.978240
0.382366 0.177618
0.889370 0.066500
0.074587 0.399548
0.274789 0.474593
0.976470 0.296152
0.041078 0.677511
0.485946 0.486496
0.653554 0.302072
0.200079 0.840022
0.564806 0.950438
0.027741 0.048372
0.382733 0.719687
0.730644 0.307535
0.777032 0.271401
0.359783 0.662038
0.195471 0.777062
0.906705 0.911802
0.412244 0.029176
0.577044 0.987518
0.836604 0.014191
0.004059 0.665853
0.292154 0.332682
0.681967 0.635762
0.027863 0.147801
0.170354 0.938994
0.551225 0.683340
0.108066 0.102756
0.180120 0.511216
0.058840 0.364391
0.133427 0.676199
0.458235 0.355205
0.867153 0.511673
0.444868 0.021241
0.445112 0.733696
0.999817 0.527207
0.557512 0.104190
0.418043 0.342112
0.133549 0.756371
0.750328 0.525376
0.362224 0.361278
0.578295 0.780389
0.305246 0.438154
0.557970 0.075472
0.241585 0.538163
0.774071 0.977111
0.147526 0.030976
0.828364 0.710227
0.727134 0.028230
0.468123 0.495407
0.150914 0.576495
0.202246 0.947020
0.383831 0.084384
0.821406 0.322581
0.860683 0.807489
0.713401 0.475478
0.252174 0.316996
0.257149 0.006043
0.505051 0.518845
0.875301 0.930082
0.959319 0.760491
0.598437 0.837672
0.167730 0.602069
0.543321 0.129307
0.881130 0.479263
0.124821 0.899869
0.452651 0.072878
0.671499 0.518113
0.684866 0.480758
0.905484 0.731346
0.690298 0.052828
0.328104 0.558611
0.926237 0.559679
0.676138 0.148412
0.496261 0.836604
0.856746 0.205695
0.988403 0.765526
0.437452 0.127598
0.297800 0.570788
0.193182 0.278390
0.134617 0.867519
0.205786 0.030732
0.725486 0.406812
0.488510 0.800043
0.417524 0.088443
0.522813 0.129002
0.619861 0.644063
0.956816 0.589618
0.044404 0.455458
0.423933 0.055605
0.102145 0.458205
0.427992 0.408918
0.396161 0.784783
0.934751 0.622944
0.377422 0.689596
0.939695 0.287240
0.465651 0.616077
0.916013 0.281381
0.670553 0.942564
0.589373 0.539811
0.574297 0.109561
0.399640 0.598987
0.618763 0.363079
0.523820 0.043947
0.343425 0.542772
0.276162 0.536729
0.236518 0.834925
0.741295 0.721213
0.078463 0.672506
0.797143 0.305948
0.797388 0.540178
0.450575 0.967711
0.419874 0.584094
0.806360 0.005280
0.812189 0.878170
0.613514 0.121738
0.476302 0.716971
0.385357 0.981017
0.939451 0.657460
0.368114 0.395642
0.569628 0.540391
0.977294 0.076632
0.876827 0.002716
0.526444 0.927274
0.956816 0.257088
0.760186 0.920652
0.955840 0.617145
0.901425 0.120029
0.209998 0.532243
0.038911 0.229957
0.588336 0.200110
0.492477 0.643727
0.719443 0.071657
0.159886 0.843715
0.087863 0.205603
0.146123 0.377758
0.105594 0.691305
0.441328 0.843257
0.613758 0.295236
0.677908 0.445509
0.519333 0.794366
0.791894 0.406812
0.519181 0.697653
0.480239 0.680380
0.951903 0.080874
0.037049 0.009033
0.109531 0.393933
0.472030 0.750603
0.991791 0.860408
0.596484 0.073428
0.071230 0.283303
0.707358 0.758446
0.853481 0.882321
0.642262 0.723991
0.494034 0.267281
0.639515 0.327189
0.481826 0.077029
0.500046 0.579302
0.118076 0.421094
0.302561 0.066866
0.061281 0.865322
0.777581 0.536271
0.016755 0.628864
0.449293 0.143162
0.559435 0.427503
0.524461 0.244362
0.949644 0.846767
0.923948 0.069216
0.972655 0.408551
0.806085 0.916532
0.569384 0.328837
0.887112 0.517869
0.737632 0.564684
0.094668 0.793939
0.321696 0.734153
0.840144 0.787072
0.132420 0.261757
0.272317 0.634541
0.919218 0.352824
0.995361 0.716178
0.715140 0.304575
0.305185 0.598621
0.443770 0.651204
0.460005 0.773247
0.720908 0.590686
0.730308 0.973022
0.165502 0.218757
0.647084 0.212683
0.046144 0.395947
0.204291 0.374889
0.723685 0.461348
0.659566 0.480850
0.590503 0.372356
0.328990 0.261116
0.306833 0.464949
0.409894 0.157964
0.859615 0.146733
0.635273 0.758751
0.505142 0.918149
0.437819 0.159093
0.701071 0.172002
0.659536 0.687857
0.484603 0.307108
0.336344 0.997223
0.464858 0.587756
0.739097 0.618824
0.843715 0.290078
0.276070 0.387066
0.841762 0.054231
0.231544 0.414319
0.582415 0.136570
0.132389 0.968108
0.998871 0.327219
0.890286 0.182470
0.350169 0.952574
0.040498 0.298135
0.184729 0.636067
0.046052 0.473006
0.271462 0.037263
0.467910 0.964934
0.331675 0.129246
0.187353 0.244087
0.980834 0.592090
0.745354 0.478561
0.397076 0.146245
0.698843 0.282998
0.305521 0.110843
0.491470 0.777703
0.595019 0.734458
0.359478 0.570147
0.778985 0.576708
0.616413 0.395550
0.020753 0.285592
0.954680 0.102115
0.407788 0.003021
0.695944 0.819178
0.716636 0.112980
0.144993 0.511826
0.916288 0.094058
0.024659 0.857356
0.741844 0.435163
0.165929 0.537522
0.686880 0.357707
0.837489 0.439680
0.821558 0.565203
0.450240 0.510636
0.254646 0.066164
0.778619 0.612049
0.884945 0.421277
0.083895 0.145970
0.468947 0.283120
0.378735 0.863674
0.696707 0.997436
0.711417 0.508438
0.094485 0.643757
0.384503 0.423383
0.618244 0.994964
0.587298 0.674032
0.188391 0.863582
0.255531 0.783532
0.670827 0.252815
0.897183 0.628803
0.356273 0.089053
0.523606 0.484359
0.857723 0.732170
0.706748 0.662374
0.229560 0.096713
0.213935 0.798151
0.967589 0.504410
0.570727 0.354198
0.067385 0.175756
0.895566 0.328196
0.599078 0.595416
0.999969 0.922666
0.950194 0.883236
0.539750 0.005676
0.813410 0.036897
0.819758 0.797052
0.194281 0.329295
0.817103 0.189093
0.039430 0.533158
0.894559 0.000092
0.162511 0.746879
0.849666 0.249611
0.156529 0.662038
0.238014 0.021088
0.383679 0.889401
0.094028 0.276009
0.282662 0.727500
0.150945 0.607013
0.443617 0.470962
0.114353 0.367931
0.673605 0.207007
0.002380 0.010987
0.849025 0.473891
0.325297 0.315806
0.012116 0.470016
0.072970 0.021912
0.057405 0.625446
0.927000 0.783532
0.732627 0.796319
0.119114 0.162603
0.473434 0.932646
0.651387 0.942625
0.062807 0.747948
0.020081 0.943388
0.071993 0.969298
0.712882 0.346507
0.027100 0.809931
0.572680 0.387555
0.747581 0.319742
0.031159 0.387463
0.451674 0.436995
0.380505 0.465682
0.941893 0.484024
0.312784 0.338633
0.398358 0.636677
0.205908 0.678274
0.609241 0.792383
0.611103 0.230903
0.122074 0.500656
0.366222 0.725700
0.638478 0.459792
0.266579 0.570940
0.449202 0.226875
0.398206 0.432691
0.069765 0.695364
0.858577 0.367473
0.957152 0.059603
0.737083 0.540788
0.104923 0.289956
0.506149 0.500870
0.978576 0.235145
0.327891 0.013611
0.143376 0.802698
0.942228 0.432478
0.649831 0.070620
0.499313 0.598163
0.399091 0.207434
0.530961 0.354564
0.956542 0.803613
0.668050 0.749962
0.208228 0.643513
0.515671 0.333110
0.122288 0.533311
0.115970 0.063967
0.000366 0.123966
0.446669 0.616627
0.650227 0.863186
0.725425 0.247719
0.936186 0.114505
0.944853 0.745384
0.673360 0.109165
0.853725 0.348766
0.841456 0.870846
0.185858 0.718009
0.713218 0.380718
0.588702 0.857234
0.825465 0.818171
0.088992 0.551164
0.358318 0.379345
0.324381 0.888882
0.428266 0.759972
0.327311 0.072146
0.225105 0.963469
0.997040 0.691061
0.589221 0.970183
0.904935 0.497757
0.900418 0.772759
0.973144 0.536088
0.757469 0.114505
0.001587 0.817377
0.300668 0.950163
0.789727 0.908597
0.308603 0.636280
0.048891 0.895199
0.711997 0.415509
0.724723 0.835963
0.777673 0.461898
0.255928 0.162877
0.283273 0.831660
0.908170 0.158605
0.252846 0.892972
0.156896 0.692831
0.737236 0.369579
0.791986 0.210730
0.086428 0.069674
0.540605 0.619343
0.900204 0.647694
0.096683 0.350658
0.694571 0.696829
0.965697 0.559954
0.271371 0.588336
0.865596 0.565294
0.419080 0.445174
0.000092 0.087405
0.277261 0.448866
0.920804 0.707297
0.174810 0.434065
0.890286 0.399640
0.449660 0.997925
0.000427 0.229499
0.171941 0.087771
0.218940 0.173650
0.009827 0.369243
0.902371 0.575335
0.085574 0.576434
0.929746 0.827479
0.255745 0.218604
0.414075 0.729789
0.079440 0.760582
0.965880 0.649037
0.942137 0.518693
0.538987 0.825831
0.252785 0.277627
0.265877 0.659169
0.238929 0.355998
0.527451 0.212226
0.743431 0.782250
0.534684 0.518021
0.146397 0.112064
0.797296 0.743339
0.865413 0.626698
0.131626 0.440474
0.637928 0.890378
0.763543 0.212378
0.518540 0.774071
0.192053 0.562731
0.129368 0.090182
0.147618 0.921415
0.181310 0.900876
0.561815 0.813685
0.248054 0.604816
0.993255 0.803735
0.020264 0.269906
0.378582 0.235939
0.197394 0.471145
0.751549 0.692221
0.947417 0.003296
0.932127 0.640919
0.575121 0.888394
0.784234 0.022095
0.525407 0.948393
0.640736 0.705008
0.372784 0.002045
0.173833 0.823511
0.406812 0.894070
0.815638 0.974425
0.617237 0.756310
0.590747 0.025513
0.006378 0.405103
0.213874 0.194433
0.233039 0.775353
0.106204 0.627277
0.268777 0.120640
0.792505 0.120853
0.620777 0.428327
0.767876 0.356426
0.878262 0.653951
0.929319 0.176275
0.675558 0.419996
0.627888 0.920103
0.001068 0.785638
0.003327 0.957396
0.251625 0.912046
0.888241 0.262062
0.111942 0.795434
0.235633 0.391247
0.663076 0.045289
0.414686 0.993835
0.638112 0.004822
0.603595 0.937346
0.141087 0.059511
0.799982 0.388318
0.023164 0.710379
0.331400 0.504990
0.442976 0.391858
0.681570 0.068758
0.408887 0.327280
0.842952 0.105258
0.349712 0.239204
0.515641 0.748070
0.121006 0.289926
0.396344 0.560717
0.276009 0.269936
0.018250 0.017609
0.714164 0.641194
0.382977 0.255684
0.917936 0.813593
0.577105 0.584918
0.364452 0.607715
0.381481 0.323191
0.471236 0.850063
0.626392 0.099338
0.450026 0.534410
0.745140 0.955290
0.165532 0.483535
0.793420 0.269509
0.184606 0.652181
0.768517 0.257454
0.526933 0.857631
0.270943 0.811029
0.192267 0.148167
0.054659 0.519181
0.792932 0.999756
0.283151 0.363353
0.541215 0.157048
0.577654 0.747368
0.241646 0.642048
0.551653 0.761986
0.103946 0.255104
0.186956 0.528764
0.309885 0.849818
0.721213 0.626087
0.318979 0.244789
0.863094 0.943144
0.791711 0.231513
0.615955 0.464064
0.614673 0.271676
0.591266 0.803278
0.871792 0.033296
0.645222 0.978668
0.741142 0.399731
0.418622 0.532914
0.719352 0.014039
0.806482 0.481338
0.778314 0.073305
0.261910 0.245247
0.040071 0.181646
0.348460 0.743828
0.556963 0.796319
0.165075 0.255837
0.110935 0.941618
0.826655 0.531693
0.637745 0.521744
0.997620 0.450453
0.924894 0.976135
0.203619 0.759056
0.602222 0.878994
0.781518 0.831324
0.058290 0.121921
0.008087 0.294259
0.562609 0.669973
0.583270 0.643788
0.544481 0.066134
0.038545 0.417615
0.992981 0.017273
0.649373 0.124241
0.895932 0.720847
0.000122 0.762444
0.727256 0.047914
0.669851 0.657918
0.353771 0.478072
0.518265 0.969665
0.825617 0.371593
0.482681 0.521805
0.999664 0.116092
0.279611 0.157292
0.331370 0.903684
0.515030 0.717460
0.144353 0.193152
0.849239 0.459181
0.165288 0.717795
0.358135 0.881649
0.249367 0.465468
0.436354 0.337199
0.025025 0.873196
0.095737 0.522446
0.898862 0.015687
0.205451 0.212745
0.351360 0.047365
0.095157 0.752983
0.733665 0.987060
0.609394 0.579974
0.700491 0.913358
0.385662 0.832118
0.527299 0.628040
0.602039 0.180486
0.740318 0.656056
0.447584 0.294351
0.526658 0.887417
0.363353 0.217780
0.212561 0.507462
0.127598 0.570330
0.058626 0.064882
0.358623 0.159398
0.412275 0.957518
0.104251 0.222053
0.554521 0.975311
0.652547 0.904263
0.993194 0.053682
0.477981 0.649403
0.763237 0.776086
0.998230 0.088717
0.070956 0.325175
0.312845 0.040010
0.827357 0.222571
0.087008 0.704031
0.640889 0.672719
0.580523 0.707114
0.728782 0.347819
0.856899 0.059999
0.702445 0.154790
0.492325 0.628254
0.067598 0.612842
0.304361 0.423475
0.899319 0.032289
0.484756 0.414655
0.797174 0.849208
0.527085 0.094668
0.443190 0.594195
0.946989 0.950468
0.667501 0.567522
0.286843 0.230476
0.590564 0.292703
0.561785 0.028626
0.372234 0.548143
0.209723 0.271065
0.646718 0.656758
0.900235 0.370067
0.186773 0.850246
0.056520 0.811212
0.057405 0.384991
0.368908 0.435438
0.966552 0.869167
0.418928 0.307840
0.693777 0.002075
0.580798 0.247230
0.542131 0.248756
0.523576 0.809931
0.601764 0.905881
0.900784 0.104495
0.127995 0.003876
0.444563 0.193182
0.064241 0.922025
0.940672 0.198248
0.236610 0.934660
0.847468 0.306558
0.552293 0.484939
0.219916 0.153417
0.533097 0.459304
0.734123 0.073275
0.460677 0.267220
0.426069 0.920286
0.675802 0.806635
0.514176 0.318827
0.065584 0.881832
0.561876 0.879788
0.340861 0.863521
0.601459 0.058382
0.900418 0.980895
0.124699 0.029664
0.551317 0.380078
0.459761 0.691000
0.601611 0.396558
0.999756 0.380596
0.636982 0.739311
0.873501 0.050508
0.218818 0.907193
0.033113 0.907407
0.112186 0.041414
0.309519 0.810389
0.736229 0.214789
0.636830 0.844508
0.335093 0.766320
0.625507 0.529221
0.854091 0.824915
0.023713 0.792749
0.107791 0.488418
0.235725 0.627674
0.211585 0.935606
0.877621 0.080111
0.065584 0.000183
0.269539 0.930876
0.185217 0.742882
0.556627 0.909421
0.353618 0.828242
0.092074 0.018494
0.129978 0.348704
0.642811 0.175665
0.605884 0.331065
0.616413 0.903378
0.740959 0.289163
0.184088 0.579302
0.408063 0.544206
0.410199 0.862117
0.384198 0.817652
0.497604 0.300027
0.179022 0.113193
0.886990 0.785791
0.810175 0.115238
0.301279 0.050905
0.309122 0.617725
0.255043 0.389416
0.782861 0.134648
0.526688 0.408338
0.504562 0.462264
0.427839 0.878231
0.765862 0.511704
0.448256 0.036958
0.073458 0.212317
0.958831 0.334239
0.660512 0.241523
0.409253 0.271065
0.469405 0.822718
0.280892 0.994873
0.532640 0.434614
0.483474 0.432936
0.984649 0.178198
0.217414 0.407056
0.436476 0.563891
0.286966 0.318003
0.068606 0.299081
0.698691 0.965758
0.154881 0.867855
0.297037 0.666066
0.494766 0.865963
0.346355 0.921354
0.332316 0.646046
0.496933 0.088168
0.255257 0.953520
0.000031 0.873470
0.286599 0.785607
0.790490 0.527299
0.469253 0.366527
0.822687 0.416608
0.741386 0.917844
0.657643 0.155004
0.546617 0.282144
0.668447 0.600574
0.657949 0.810816
0.041353 0.550890
0.318217 0.302499
0.218421 0.105686
0.955840 0.426160
0.209082 0.693472
0.099155 0.983276
0.408734 0.244789
0.150334 0.278970
0.200385 0.343516
0.590258 0.926969
0.163335 0.136692
0.043458 0.990753
0.242866 0.427869
0.709983 0.123875
0.515305 0.015351
0.217109 0.019379
0.386578 0.527757
0.676778 0.979675
0.143101 0.951872
0.953093 0.713431
0.957091 0.357036
0.386761 0.113285
0.017151 0.756188
0.699606 0.199500
0.140446 0.248817
0.764641 0.760918
0.790521 0.664052
0.043733 0.491562
0.091006 0.305765
0.538896 0.663137
0.670888 0.300485
0.944823 0.266701
0.834895 0.900327
0.695578 0.505600
0.505722 0.384045
0.183660 0.342631
0.243324 0.178198
0.461776 0.392743
0.984680 0.355998
0.179754 0.915983
0.935392 0.872402
0.545671 0.714011
0.127873 0.602649
0.728690 0.675924
0.428297 0.244026
0.414869 0.383557
0.484848 0.060793
0.949065 0.243660
0.371899 0.760216
0.358806 0.547502
0.493942 0.229560
0.869198 0.978881
0.150548 0.429640
0.725730 0.904019
0.873165 0.296426
0.317972 0.872494
0.907651 0.210639
0.879055 0.834101
0.408246 0.465255
0.668508 0.864742
0.437483 0.271126
0.043733 0.960875
0.182226 0.056429
0.353130 0.258766
0.099307 0.380993
0.932890 0.733329
0.915647 0.247353
0.215552 0.979003
0.043062 0.830195
0.284280 0.018433
0.950499 0.831721
0.564043 0.746971
0.327036 0.372631
0.478347 0.735191
0.098148 0.679128
0.071322 0.826350
0.037599 0.244057
0.587878 0.878658
0.092349 0.850490
0.332865 0.427778
0.671041 0.961119
0.563646 0.648854
0.188818 0.972045
0.184271 0.405774
0.527146 0.164678
0.674093 0.534837
0.689871 0.537400
0.998383 0.512436
0.890744 0.933927
0.505905 0.276620
0.430525 0.641499
0.035920 0.653401
0.003174 0.067934
0.716788 0.768914
0.658711 0.626301
0.099185 0.614734
0.504379 0.893613
0.812616 0.453688
0.450484 0.257820
0.692099 0.391125
0.149022 0.755272
0.424421 0.518418
0.033570 0.765862
0.770257 0.555834
0.458846 0.714866
0.367687 0.895871
0.279305 0.193030
0.599139 0.514847
0.160680 0.325816
0.647359 0.272408
0.770501 0.701987
0.420942 0.670736
0.637989 0.256355
0.313211 0.557268
0.905606 0.599658
0.704733 0.251473
0.479385 0.879757
0.400678 0.615528
0.224250 0.892483
0.347972 0.186712
0.459609 0.417585
0.384289 0.305460
0.595599 0.947996
0.000092 0.580645
0.081637 0.343547
0.021943 0.497757
0.309946 0.744835
0.670949 0.316324
0.622059 0.173620
0.577441 0.831202
0.011505 0.096103
0.996460 0.399304
0.963622 0.131626
0.380047 0.353740
0.242958 0.866573
0.821375 0.591906
0.929838 0.412214
0.931944 0.494675
0.040376 0.355144
0.724876 0.181127
0.209876 0.851619
0.856685 0.997803
0.294687 0.301187
0.569109 0.855861
0.797266 0.373211
0.798334 0.339671
0.321818 0.996704
0.331980 0.743248
0.085726 0.728660
0.645650 0.833491
0.860775 0.077944
0.412610 0.103366
0.123936 0.628529
0.397656 0.380444
0.046327 0.092196
0.127689 0.776147
0.142979 0.407666
0.461409 0.630787
0.382519 0.964507
0.605823 0.658742
0.175604 0.781549
0.932493 0.941404
0.089480 0.105533
0.325083 0.818659
0.695242 0.449568
0.609821 0.723655
0.489303 0.726188
0.150212 0.483413
0.580920 0.957549
0.074190 0.954436
0.980895 0.733787
0.824671 0.025513
0.363872 0.865719
0.716910 0.569567
0.847743 0.682455
0.709464 0.221900
0.797571 0.178838
0.970275 0.707907
0.065035 0.092135
0.252266 0.821833
0.709952 0.711478
0.665853 0.023591
0.905301 0.615589
0.559740 0.498795
0.890652 0.896451
0.554765 0.602741
0.514298 0.258827
0.457778 0.199469
0.009644 0.319102
0.765404 0.300851
0.833888 0.556597
0.291330 0.480514
0.156011 0.768334
0.652089 0.593799
0.275491 0.310495
0.386395 0.924436
0.479934 0.617786
0.111637 0.555773
0.742546 0.128758
0.392315 0.228950
0.978362 0.013398
0.241401 0.553392
0.764031 0.725516
0.620014 0.024812
0.924986 0.595721
0.806330 0.401135
0.093783 0.160222
0.633076 0.488662
0.321635 0.488144
0.008454 0.922971
0.983215 0.499832
0.430982 0.706839
0.344035 0.450453
0.249458 0.941771
0.906949 0.714011
0.526597 0.302225
0.963561 0.786645
0.161382 0.928434
0.792016 0.699362
0.461379 0.907590
0.951476 0.299600
0.326182 0.664266
0.501389 0.853420
0.615314 0.142125
0.041169 0.155828
0.998993 0.978088
0.253945 0.708213
0.883114 0.624134
0.763817 0.177679
0.006714 0.547075
0.641652 0.192267
0.305277 0.763573
0.599750 0.425428
0.634327 0.067080
0.432264 0.095035
0.889859 0.663015
0.125797 0.738334
0.948363 0.552385
0.583514 0.172735
0.242470 0.211249
0.627979 0.811487
0.855098 0.181310
0.511612 0.063784
0.079104 0.791742
0.781335 0.047578
0.349986 0.528550
0.554765 0.225654
0.045167 0.212531
0.951476 0.227393
0.023316 0.135228
0.639058 0.555803
0.479598 0.838313
0.672292 0.915494
0.601337 0.107456
0.411756 0.813715
0.187567 0.498184
0.239540 0.496750
0.169591 0.310526
0.245705 0.975127
0.002503 0.350719
0.762413 0.021119
0.207068 0.136265
0.405530 0.478622
0.734336 0.158879
0.024964 0.240242
0.876125 0.454360
0.680105 0.223945
0.198767 0.801965
0.823420 0.952818
0.926359 0.053499
0.110355 0.710379
0.928861 0.022858
0.812494 0.309122
0.014832 0.444746
0.307596 0.274514
0.394177 0.445998
0.784295 0.725730
0.486526 0.000549
0.194983 0.042970
0.282876 0.091067
0.709403 0.058473
0.766045 0.790368
0.454604 0.559557
0.000031 0.600513
0.047395 0.195959
0.758721 0.965789
0.844874 0.965117
0.362102 0.232398
0.999969 0.135228
0.708213 0.025391
0.926664 0.313486
0.044588 0.637989
0.556230 0.243995
0.672903 0.836940
0.084872 0.932615
0.049959 0.266366
0.848689 0.234107
0.026002 0.371441
0.166906 0.682516
0.840693 0.925901
0.778344 0.104617
0.269662 0.707694
0.258034 0.531846
0.975494 0.694632
0.795282 0.419385
0.306955 0.978637
0.445662 0.686392
0.166021 0.120609
0.507706 0.825037
0.274880 0.422712
0.081820 0.414716
0.241371 0.584185
0.339671 0.317911
0.455336 0.662831
0.015595 0.193030
0.727378 0.873287
0.460280 0.935514
0.569506 0.052461
0.438765 0.822810
0.468398 0.341411
0.107120 0.656392
0.921293 0.916745
0.767296 0.324503
0.239143 0.196966
0.611316 0.625813
0.305002 0.370617
0.887478 0.595813
0.047243 0.039491
0.459181 0.836268
0.041780 0.313211
0.086367 0.904111
0.076510 0.542436
0.278359 0.866665
0.624928 0.322520
0.541398 0.793420
0.087466 0.509903
0.209845 0.326182
0.174261 0.472030
0.792596 0.586230
0.202368 0.299570
0.886013 0.733360
0.678640 0.024812
0.900479 0.241127
0.088229 0.239174
0.135746 0.204566
0.702475 0.595843
0.965728 0.445021
0.918851 0.853084
0.611560 0.771569
0.958037 0.683004
0.106052 0.334727
0.097934 0.767937
0.817652 0.906125
0.739677 0.252602
0.223212 0.876675
0.246803 0.655354
0.637806 0.595569
0.336833 0.026063
0.712943 0.870083
0.481368 0.164769
0.705466 0.101718
0.189367 0.442915
0.275155 0.072756
0.799188 0.881741
0.663411 0.267342
0.039430 0.566027
0.641377 0.288491
0.510788 0.161718
0.517472 0.541642
0.276315 0.687277
0.373882 0.785455
0.180120 0.211737
0.546587 0.531724
0.562609 0.999359
0.293008 0.119449
0.703391 0.360210
0.451094 0.346171
0.791528 0.618824
0.077059 0.364635
0.537492 0.489608
0.151250 0.452712
0.243324 0.269265
0.749290 0.635212
0.506546 0.435347
0.634968 0.610736
0.362072 0.521348
0.753044 0.583972
0.354442 0.404950
0.256813 0.366039
0.826777 0.156377
0.963347 0.177129
0.484664 0.364727
0.876095 0.389966
0.624928 0.413190
0.972594 0.394360
0.667104 0.007874
0.761589 0.989349
0.955412 0.987823
0.461196 0.018403
0.777429 0.943754
0.424177 0.356761
0.336497 0.803949
0.378857 0.387371
0.829127 0.176794
0.233558 0.342936
0.121311 0.203803
0.247841 0.725822
0.283486 0.574938
0.892239 0.957121
0.140080 0.633534
0.190374 0.373669
0.987060 0.272164
0.870998 0.242622
0.275216 0.253090
0.010651 0.174718
0.976592 0.282022
0.540025 0.041841
0.118229 0.823450
0.986847 0.479629
0.252815 0.681722
0.554796 0.415265
0.772057 0.892056
0.060915 0.981414
0.491348 0.673269
0.562365 0.452681
0.641469 0.100894
0.779199 0.404462
0.886471 0.878719
0.904508 0.943510
0.814295 0.716941
0.277017 0.620411
0.527146 0.602771
0.307291 0.524888
0.206671 0.389416
0.848323 0.087680
0.916562 0.675161
0.299539 0.649342
0.071932 0.077334
0.373760 0.914457
0.277963 0.967009
0.671499 0.351238
0.706626 0.844874
0.156590 0.641621
0.218970 0.373363
0.166051 0.402631
0.388409 0.575488
0.584704 0.055788
0.135166 0.231788
0.341563 0.287515
0.598285 0.409894
0.958861 0.488571
0.558977 0.726676
0.813990 0.681539
0.531816 0.077609
0.549913 0.960631
0.096561 0.189001
0.465712 0.079196
0.123905 0.659749
0.258370 0.351299
0.480087 0.223518
0.436567 0.535783
0.232368 0.527818
0.024110 0.341197
0.208991 0.828730
0.237037 0.752586
0.438215 0.320902
0.324290 0.519547
0.433302 0.481979
0.216834 0.655599
0.797632 0.636921
0.488205 0.256294
0.296884 0.096622
0.593188 0.769463
0.700156 0.479324
0.368542 0.295022
0.609210 0.244728
0.471603 0.461013
0.331217 0.389599
0.830897 0.266305
0.662130 0.422071
0.723258 0.318217
0.130375 0.931303
0.652394 0.089358
0.079806 0.440016
0.169073 0.962188
0.625111 0.477401
0.337535 0.575121
0.730247 0.710990
0.355510 0.345622
0.187292 0.311136
0.580554 0.465529
0.724937 0.225990
0.734092 0.853877
0.238136 0.126316
0.431532 0.745262
0.674703 0.695730
0.346812 0.773247
0.393170 0.506821
0.636586 0.645802
0.423353 0.217292
0.681600 0.724906
0.969329 0.203070
0.098636 0.000031
0.549608 0.351909
0.139164 0.696554
0.128544 0.365459
0.908872 0.388501
0.361797 0.988800
0.795160 0.764733
0.344523 0.081118
0.891171 0.134800
0.191473 0.921537
0.561571 0.269570
0.014039 0.159368
0.101230 0.321360
0.285562 0.280190
0.114658 0.464217
0.754967 0.224982
0.922849 0.473220
0.838649 0.323405
0.281564 0.800287
0.520249 0.108951
0.304697 0.145512
0.057558 0.703299
0.850185 0.574664
0.429548 0.021912
0.493057 0.379833
0.083560 0.609272
0.328379 0.414136
0.872738 0.785363
0.973449 0.250801
0.022645 0.061495
0.875332 0.958678
0.017670 0.905454
0.860195 0.548784
0.432630 0.681783
0.983032 0.780847
0.060152 0.245705
0.057619 0.347331
0.337687 0.934935
0.444044 0.779565
0.572314 0.417768
0.746605 0.734031
0.866146 0.344615
0.475051 0.987213
0.719504 0.496841
0.762841 0.932737
0.623737 0.286203
0.857021 0.602924
0.378430 0.147160
0.451033 0.318735
0.293954 0.737144
0.628071 0.969939
0.460829 0.787347
0.408765 0.170873
0.192236 0.133152
0.912687 0.130222
0.164098 0.568834
0.929380 0.674337
0.647481 0.369304
0.163640 0.357372
0.980895 0.422101
0.943510 0.798669
0.691855 0.182348
0.931547 0.162664
0.014954 0.646260
0.025758 0.215003
0.079165 0.123264
0.800897 0.795129
0.776208 0.878170
0.830012 0.473769
0.525101 0.874508
0.380261 0.204199
0.512986 0.364422
0.217627 0.244118
0.807337 0.130741
0.096042 0.044374
0.039888 0.718009
0.796747 0.974517
0.842921 0.999939
0.505295 0.175024
0.768151 0.810419
0.866176 0.016358
0.828913 0.847224
0.002594 0.628498
0.605182 0.496445
0.680074 0.787805
0.985260 0.748802
0.360454 0.692312
0.053560 0.571520
0.070559 0.630116
0.474349 0.559496
0.220954 0.744285
0.472854 0.534745
0.098514 0.072237
0.872768 0.092624
0.835353 0.505264
0.863369 0.276284
0.232307 0.508957
0.182562 0.610065
0.570208 0.480880
0.886563 0.532640
0.297342 0.705802
0.153233 0.292734
0.290658 0.935453
0.803919 0.688803
0.961150 0.160436
0.295572 0.216987
0.916471 0.014313
0.989776 0.604144
0.741050 0.826411
0.920774 0.218024
0.001404 0.503952
0.697684 0.040254
0.689444 0.157537
0.223334 0.303751
0.753685 0.488571
0.105747 0.971648
0.497208 0.997955
0.343181 0.632557
0.905850 0.899258
0.730705 0.770043
0.922330 0.234046
0.552629 0.568011
0.808039 0.820124
0.740471 0.497360
0.299631 0.253639
0.428449 0.619922
0.382122 0.704550
0.710440 0.082949
0.300638 0.779504
0.611530 0.830531
0.894650 0.227180
0.587970 0.186621
0.760796 0.198737
0.448531 0.920835
0.145512 0.983886
0.233680 0.440168
0.924192 0.904874
0.750450 0.002014
0.784082 0.850612
0.265908 0.194739
0.536424 0.375103
0.850734 0.839015
0.973571 0.041414
0.825739 0.048708
0.575335 0.290902
0.269753 0.841548
0.496384 0.054109
0.409711 0.141942
0.314859 0.449355
0.531114 0.841273
0.793725 0.571734
0.302133 0.396039
0.257149 0.137028
0.914853 0.568987
0.406812 0.847102
0.722404 0.389996
0.716666 0.748436
0.348888 0.135563
0.375011 0.496750
0.559435 0.551408
0.300211 0.822535
0.401166 0.407819
0.801630 0.256142
0.904416 0.587085
0.007813 0.259957
0.220435 0.080050
0.905606 0.513840
0.731773 0.473830
0.703360 0.332041
0.384228 0.630421
0.207099 0.416303
0.456404 0.523606
0.830958 0.621357
0.397290 0.912046
0.348338 0.102573
0.960723 0.602100
0.034944 0.841548
0.740989 0.748711
0.624622 0.082156
0.682638 0.582232
0.452254 0.405194
0.559526 0.397534
0.114597 0.593890
0.096835 0.737602
0.968322 0.983001
0.982421 0.837458
0.999054 0.754112
0.357219 0.620289
0.986023 0.873684
0.851924 0.796075
0.155156 0.592029
0.906980 0.187689
0.985290 0.566607
0.357341 0.811182
0.146947 0.721732
0.159734 0.369915
0.817896 0.892026
0.334666 0.158605
0.119480 0.228462
0.677358 0.265572
0.013733 0.573168
0.142003 0.561602
0.748314 0.383312
0.375439 0.267006
0.209052 0.921537
0.663656 0.716666
0.181829 0.769982
0.839717 0.644887
0.790307 0.035096
0.106235 0.116245
0.357067 0.419233
0.146184 0.441237
0.190771 0.170202
0.324412 0.440291
0.135990 0.388836
0.706534 0.521134
0.488266 0.107334
0.355296 0.310648
0.424879 0.276498
0.577624 0.000763
0.848933 0.135166
0.957335 0.573412
0.164647 0.453230
0.119510 0.139409
0.474349 0.419721
0.869869 0.208380
0.512986 0.956053
0.666829 0.394971
0.494858 0.943907
0.509384 0.998810
0.219764 0.006226
0.626179 0.230293
0.687796 0.129795
0.099673 0.582415
0.288278 0.063143
0.878811 0.251167
0.919797 0.879818
0.836665 0.093326
0.656758 0.825220
0.000397 0.725486
0.654530 0.202155
0.283120 0.748375
0.713462 0.145604
0.330119 0.228034
0.618458 0.860805
0.645924 0.919523
0.261513 0.482650
0.035493 0.282662
0.928953 0.083041
0.685415 0.751335
0.538896 0.692465
0.880612 0.848750
0.406079 0.349559
0.520585 0.192511
0.027131 0.182379
0.095309 0.495071
0.264077 0.340495
0.395856 0.068148
0.365276 0.474075
0.910520 0.698874
0.429090 0.794519
0.608997 0.686850
0.254585 0.231880
0.976196 0.815668
0.855861 0.217963
0.229255 0.484390
0.870907 0.872311
0.833583 0.236213
0.629139 0.199622
0.648671 0.799310
0.003021 0.702597
0.322947 0.095218
0.675680 0.181371
0.178198 0.690268
0.428541 0.192816
0.087374 0.958586
0.781426 0.786737
0.666829 0.505264
0.935575 0.719962
0.755181 0.856166
0.253609 0.837886
0.181066 0.015778
0.457900 0.045167
0.645436 0.245003
0.488296 0.559343
0.684896 0.937834
0.584948 0.403577
0.983123 0.204047
0.393689 0.768181
0.898007 0.800073
0.395276 0.719718
0.071718 0.776940
0.045717 0.142369
0.329691 0.545061
0.774621 0.244240
0.199530 0.542161
0.065767 0.571673
0.616047 0.208533
0.905179 0.683340
0.873806 0.668050
0.015625 0.599933
0.316507 0.921110
0.316568 0.199072
0.213416 0.580218
0.441511 0.445051
0.580920 0.231300
0.936247 0.859554
0.172826 0.167486
0.868343 0.178930
0.258126 0.511704
0.058138 0.461715
0.855708 0.110233
0.160039 0.033265
0.632130 0.039918
0.575884 0.569597
0.538408 0.219275
0.866421 0.648793
0.334025 0.724784
0.910977 0.870540
0.471267 0.193152
0.640217 0.968017
0.281899 0.505661
0.907254 0.760155
0.671133 0.629963
0.749596 0.071383
0.059114 0.935881
0.232978 0.467635
0.416272 0.015381
0.997986 0.213813
0.966033 0.919889
0.482528 0.892575
0.681021 0.867214
0.331980 0.607349
0.231239 0.723228
0.542131 0.858821
0.676595 0.050447
0.814142 0.996246
0.404584 0.744407
0.220161 0.558000
0.215064 0.051363
0.973571 0.473128
0.017579 0.843898
0.238227 0.066378
0.756340 0.267251
0.420911 0.125156
0.109836 0.907865
0.413465 0.659993
0.148991 0.544694
0.283670 0.845363
0.597797 0.146306
0.893643 0.491745
0.736137 0.603320
0.771355 0.287576
0.284616 0.520524
0.727317 0.449232
0.937101 0.965728
0.893582 0.296304
0.397198 0.974090
0.418439 0.600726
0.518967 0.759392
0.813898 0.252205
0.804743 0.443281
0.957823 0.190802
0.163244 0.430067
0.113773 0.433973
0.843074 0.733421
0.363964 0.205054
0.135594 0.122593
0.696066 0.269875
0.038026 0.115909
0.121281 0.686392
0.300668 0.013520
0.503555 0.704794
0.809961 0.598529
0.900449 0.826777
0.547136 0.199255
0.020569 0.739097
0.219947 0.627979
0.535325 0.261269
0.890225 0.695395
0.897153 0.545579
0.669698 0.764031
0.317118 0.899930
0.987671 0.189428
0.776513 0.341746
0.661763 0.555406
0.859340 0.918638
0.799585 0.711722
0.674917 0.670888
0.159215 0.079318
0.486892 0.592090
0.809992 0.637287
0.846248 0.696951
0.653676 0.333781
0.320078 0.290658
0.844508 0.002106
0.605060 0.751305
0.383862 0.951598
0.271249 0.099185
0.603961 0.461135
0.819697 0.012787
0.874722 0.525773
0.361736 0.745354
0.186926 0.874874
0.035340 0.975494
0.701743 0.235847
0.134739 0.852473
0.248939 0.093905
0.376659 0.068484
0.877255 0.126408
0.929838 0.575793
0.756249 0.901700
0.672994 0.095737
0.871120 0.729820
0.853755 0.851802
0.872433 0.593554
0.770501 0.641255
0.511582 0.572985
0.795801 0.072909
0.399976 0.797693
0.115390 0.997772
0.124821 0.487381
0.104221 0.360485
0.811731 0.364666
0.827723 0.429243
0.140782 0.344127
0.626484 0.265175
0.692251 0.493454
0.431349 0.941740
0.066683 0.597217
0.135746 0.711814
0.747520 0.810968
0.231117 0.222816
0.452101 0.366832
0.911985 0.841395
0.150700 0.016968
0.690268 0.612323
0.140507 0.005219
0.049257 0.585925
0.349010 0.168310
0.672872 0.234169
0.630512 0.568133
0.936521 0.449568
0.821314 0.076662
0.013916 0.679800
0.268838 0.553545
0.016053 0.932035
0.912015 0.269845
0.017823 1.000000
0.684500 0.140599
0.525925 0.641804
0.979614 0.341807
0.755242 0.465957
0.027192 0.470992
0.284707 0.878536
0.527451 0.287820
0.442549 0.715690
0.866573 0.855800
0.703604 0.297647
0.096530 0.805872
0.087954 0.426099
0.864101 0.396771
0.189673 0.831019
0.858821 0.527146
0.829554 0.769250
0.842769 0.343608
0.534776 0.911466
0.230811 0.144688
0.477248 0.807978
0.268380 0.169164
0.367809 0.641896
0.198462 0.879757
0.765740 0.610614
0.385266 0.021241
0.181188 0.809381
0.243721 0.802576
0.493362 0.149358
0.493942 0.405652
0.034852 0.059267
0.106265 0.951323
0.790674 0.986145
0.552751 0.440321
0.893063 0.759941
0.041993 0.440016
0.271187 0.647206
0.067049 0.550066
0.217750 0.445387
0.106296 0.444502
0.228095 0.825495
0.752770 0.557634
0.588031 0.490890
0.572741 0.527573
0.562578 0.777886
0.566759 0.197913
0.166753 0.668538
0.339030 0.339946
0.490555 0.352489
0.704428 0.532975
0.168004 0.390851
0.756066 0.347484
0.808496 0.938108
0.455977 0.499313
0.991150 0.626514
0.393780 0.866604
0.164556 0.297891
0.799280 0.090670
0.607196 0.003174
0.264870 0.399030
0.233070 0.245735
0.653584 0.059053
0.080325 0.478988
0.458174 0.098483
0.864254 0.896786
0.540574 0.771020
0.621937 0.799127
0.604785 0.083834
0.532548 0.136418
0.792291 0.804163
0.995788 0.299326
0.550707 0.886319
0.946806 0.461074
0.731559 0.103397
0.710410 0.430616
0.476882 0.045564
0.918149 0.528398
0.147923 0.840388
0.413129 0.875759
0.559648 0.173284
0.816706 0.623402
0.451216 0.213752
0.145482 0.148930
0.414502 0.284310
0.490310 0.700125
0.091037 0.250374
0.785730 0.189856
0.191473 0.995819
0.665700 0.995148
0.135258 0.479049
0.815180 0.428114
0.950896 0.773034
0.412427 0.759789
0.301737 0.921110
0.073519 0.908383
0.882412 0.369091
0.838282 0.610004
0.872372 0.422864
0.234199 0.310739
0.721610 0.195013
0.956236 0.822321
0.102908 0.882473
0.904752 0.087893
0.025361 0.587878
0.035707 0.889218
0.375469 0.662648
0.387371 0.267342
0.508377 0.304636
0.912717 0.541581
0.831385 0.542924
0.401807 0.261605
0.438246 0.284494
0.774499 0.918516
0.997375 0.179937
0.052858 0.740593
0.283486 0.468276
0.894620 0.564409
0.461318 0.445570
0.973113 0.958129
0.151524 0.241523
0.577258 0.901212
0.893887 0.507370
0.479476 0.381726
0.413495 0.069277
0.845241 0.492294
0.139653 0.828394
0.212867 0.120701
0.190313 0.003845
0.764977 0.526719
0.363750 0.033143
0.316630 0.705069
0.075777 0.581561
0.298379 0.492386
0.647633 0.415418
0.022645 0.611316
0.832820 0.136143
0.397626 0.122379
0.529191 0.395093
0.268197 0.767205
0.016022 0.817255
0.164037 0.830164
0.106784 0.518143
0.158147 0.734092
0.577837 0.820063
0.991394 0.887020
0.711539 0.931974
0.173742 0.526048
0.610004 0.449141
0.149266 0.050203
0.455336 0.129948
0.031770 0.081393
0.753227 0.056063
0.055879 0.027070
0.266945 0.740226
0.849971 0.669210
0.436842 0.258034
0.506882 0.648061
0.121891 0.865047
0.294687 0.908994
0.013825 0.457076
0.315500 0.167516
0.338816 0.403607
0.846004 0.891659
0.756127 0.840602
0.344920 0.497147
0.251900 0.964843
0.245918 0.329203
0.917112 0.949614
0.195898 0.589923
0.277444 0.897885
0.260079 0.416242
0.395520 0.890896
0.097446 0.928098
0.634236 0.348491
0.695975 0.564653
0.684103 0.824458
0.958312 0.857997
0.628407 0.871426
0.505539 0.216407
0.278085 0.980377
0.565905 0.222877
0.295175 0.885464
0.055177 0.182379
0.476852 0.862606
0.839869 0.208747
0.909421 0.420179
0.414197 0.685324
0.419050 0.460860
0.064211 0.664876
0.901212 0.317789
0.217994 0.461165
0.244758 0.110630
0.022065 0.107883
0.312571 0.322428
0.072726 0.151769
0.532334 0.181402
0.349254 0.965514
0.588153 0.307199
0.618732 0.384655
0.996399 0.241676
0.827357 0.865352
0.668447 0.929167
0.812250 0.094821
0.999329 0.477645
0.757958 0.870937
0.530747 0.586291
0.974914 0.134434
0.790551 0.446608
0.837855 0.398907
0.694723 0.667928
0.703299 0.983123
0.871487 0.487136
0.183355 0.705008
0.305307 0.585650
0.089328 0.317637
0.370037 0.328806
0.652333 0.506760
0.732902 0.277444
0.322886 0.584033
0.110599 0.867672
0.297739 0.807001
0.154942 0.800653
0.912168 0.649892
0.302347 0.677999
0.193274 0.627308
0.178869 0.276254
0.467879 0.234596
0.734336 0.016327
0.985076 0.677602
0.813410 0.052126
0.328349 0.249580
0.356883 0.076266
0.345195 0.469497
0.726554 0.060793
0.413800 0.406873
0.177404 0.750664
0.539994 0.745933
0.140599 0.220588
0.176489 0.028871
0.468368 0.170263
0.964843 0.735557
0.305032 0.536607
0.923490 0.188849
0.477371 0.910398
0.359996 0.445051
0.930296 0.256081
0.868282 0.773492
0.098178 0.089541
0.248299 0.453566
0.058809 0.274178
0.779778 0.505264
0.626392 0.633900
0.873348 0.578661
0.243202 0.783532
0.045595 0.816889
0.605304 0.995819
0.728324 0.999878
0.814112 0.277413
0.520127 0.517594
0.086215 0.378948
0.577166 0.454421
0.751518 0.087283
0.286325 0.547624
0.821863 0.484878
0.906369 0.334574
0.628681 0.511887
0.948882 0.627674
0.962188 0.888241
0.006317 0.435682
0.145695 0.471694
0.382336 0.338359
0.787469 0.878170
0.659444 0.888730
0.885586 0.171331
0.419324 0.839869
0.965178 0.291452
0.167821 0.267922
0.331370 0.060457
0.802759 0.154576
0.075381 0.037996
0.955687 0.322520
0.279000 0.335154
0.183111 0.085055
0.542100 0.327219
0.937620 0.692770
0.542192 0.341624
0.486312 0.455061
0.507492 0.907163
0.756859 0.662435
0.814478 0.649586
0.591510 0.253426
0.223457 0.332072
0.620594 0.711600
0.317087 0.787255
0.874844 0.683157
0.883236 0.984008
0.289163 0.693197
0.928831 0.611744
0.613453 0.164403
0.513932 0.034516
0.045534 0.764428
0.818018 0.921201
0.515122 0.883419
0.883480 0.203192
0.271584 0.023774
0.321329 0.839076
0.808557 0.535997
0.199652 0.857906
0.729637 0.359874
0.096286 0.133518
0.104404 0.425825
0.515915 0.983764
0.897031 0.425550
0.581256 0.124851
0.468795 0.952574
0.610797 0.524949
0.609607 0.432569
0.588763 0.221564
0.948851 0.346355
0.921293 0.624683
0.257424 0.306345
0.452223 0.883450
0.802179 0.508835
0.195166 0.671926
0.116489 0.544572
0.980377 0.152470
0.560717 0.061739
0.809931 0.737724
0.176611 0.928831
0.167333 0.064730
0.829615 0.352489
0.316599 0.545183
0.490432 0.017182
0.739555 0.520280
0.022797 0.086489
0.594043 0.330424
0.411908 0.573595
0.126072 0.583026
0.641652 0.784112
0.034242 0.922636
0.607929 0.895688
0.622822 0.056551
0.418409 0.508347
0.159093 0.164525
0.315317 0.215064
0.108097 0.135716
0.208777 0.568377
0.942930 0.030671
0.138951 0.575060
0.347636 0.019410
0.888455 0.077486
0.627247 0.458602
0.561510 0.346202
0.389630 0.551500
0.910733 0.359508
0.555498 0.039186
0.426618 0.733329
0.017426 0.407849
0.264962 0.916440
0.540422 0.650349
0.334117 0.827906
0.435896 0.111850
0.119785 0.969604
0.287973 0.394238
0.727561 0.121494
0.325327 0.969146
0.295083 0.137333
0.559252 0.086612
0.981079 0.089358
0.555284 0.513352
0.547044 0.833216
0.773003 0.141209
0.442030 0.957610
0.014649 0.522446
0.688131 0.404645
0.146764 0.789239
0.925321 0.390271
0.403058 0.037873
0.900967 0.061159
0.032380 0.738853
0.231117 0.266549
0.055361 0.296426
0.460128 0.745842
0.467086 0.007172
0.924467 0.337107
0.537919 0.935820
0.682852 0.511521
0.469832 0.884701
0.502853 0.720023
0.438276 0.767510
0.259743 0.442946
0.663289 0.450026
0.615375 0.951811
0.534410 0.053865
0.116581 0.257637
0.913022 0.782006
0.564898 0.692862
0.601276 0.301584
0.139286 0.315165
0.226875 0.805109
0.851527 0.416395
0.400372 0.822047
0.759270 0.310953
0.664327 0.877895
0.029328 0.677023
0.079440 0.251350
0.202551 0.200629
0.000580 0.382977
0.802911 0.928251
0.376812 0.574816
0.909787 0.449080
0.033174 0.256600
0.830988 0.728202
0.569933 0.598102
0.717185 0.980712
0.831996 0.190588
0.450209 0.979888
0.283700 0.608142
0.120762 0.841975
0.603046 0.343059
0.120762 0.105228
0.452071 0.169408
0.560259 0.369640
0.467605 0.106906
0.558275 0.300516
0.054292 0.000214
0.998779 0.652547
0.717429 0.733055
0.851772 0.159154
0.122898 0.805933
0.053194 0.503830
0.894559 0.213141
0.254585 0.579180
0.440962 0.008240
0.842463 0.370861
0.930418 0.990722
0.801386 0.279672
0.000214 0.466781
0.656453 0.970672
0.680044 0.086459
0.942259 0.051119
0.495712 0.912412
0.439619 0.063051
0.037416 0.591876
0.237861 0.998474
0.934233 0.365459
0.119663 0.050935
0.016724 0.535203
0.937010 0.422071
0.080996 0.098422
0.310556 0.993713
0.160314 0.812128
0.400739 0.020478
0.712180 0.884732
0.642384 0.381329
0.662923 0.375103
0.810724 0.770867
0.645405 0.144200
0.685903 0.557665
0.938261 0.538347
0.697684 0.771264
0.078372 0.979095
0.469924 0.157720
0.788629 0.465072
0.566729 0.133152
0.400769 0.195624
0.962157 0.374248
0.001465 0.518082
0.546709 0.028901
0.963805 0.637593
0.775536 0.483413
0.160710 0.527055
0.834559 0.589343
0.752892 0.236915
0.171209 0.147404
0.716392 0.256233
0.016114 0.659566
0.842006 0.976012
0.383892 0.042726
0.827296 0.652150
0.650166 0.930692
0.552293 0.622425
0.167119 0.898709
0.765252 0.582965
0.064333 0.374493
0.870540 0.370830
0.502853 0.874416
0.502976 0.748589
0.745476 0.983978
0.326823 0.348247
0.119327 0.749565
0.795373 0.020356
0.118961 0.388379
0.500961 0.132847
0.618275 0.109775
0.940764 0.986541
0.688253 0.464705
0.871395 0.108036
0.593188 0.548936
0.515793 0.416242
0.391644 0.296304
0.975799 0.763115
0.844997 0.429212
0.940672 0.077578
0.275582 0.111454
0.993347 0.938047
0.595569 0.682607
0.342723 0.254738
0.527543 0.668020
0.856410 0.192267
0.462966 0.814722
0.933805 0.234016
0.851833 0.388806
0.811457 0.331431
0.685751 0.890500
0.237342 0.563677
0.220252 0.274361
0.950285 0.153325
0.579089 0.024689
0.259041 0.667318
0.387463 0.740593
0.376446 0.451735
0.939634 0.888058
0.294351 0.856960
0.247322 0.014710
0.472976 0.296579
0.816736 0.578661
0.364788 0.130680
0.063448 0.050478
0.956206 0.747276
0.045351 0.936827
0.171636 0.497757
0.724082 0.418592
0.617298 0.926176
0.606159 0.803583
0.497330 0.391034
0.611866 0.549120
0.723014 0.540574
0.602588 0.706107
0.893613 0.853511
0.066866 0.161229
0.132908 0.980071
0.421583 0.162542
0.345012 0.599963
0.100925 0.818232
0.677816 0.648976
0.451888 0.580554
0.345439 0.880673
0.116337 0.406629
0.470199 0.636799
0.661916 0.113529
0.159856 0.951598
0.893338 0.907163
0.203589 0.225501
0.964171 0.951994
0.027375 0.445296
0.891201 0.440016
0.888607 0.648671
0.575060 0.342235
0.304361 0.156346
0.021760 0.033204
0.774194 0.092776
0.999817 0.728996
0.739402 0.000702
0.577319 0.429914
0.040284 0.603259
0.014710 0.043306
0.717460 0.684500
0.014557 0.482864
0.000275 0.147923
0.181097 0.535997
0.733360 0.946226
0.731712 0.529374
0.643971 0.582629
0.973693 0.101230
0.619373 0.788141
0.495163 0.473708
0.089053 0.057680
0.474654 0.661977
0.466109 0.068392
0.693869 0.587176
0.800958 0.360057
0.209876 0.076968
0.503403 0.353343
0.024445 0.780053
0.698264 0.311075
0.141911 0.746300
0.177770 0.196234
0.949065 0.934751
0.174993 0.880154
0.296335 0.362346
0.589251 0.903592
0.551256 0.694906
0.473891 0.547655
0.069918 0.484146
0.984802 0.226539
0.255226 0.562822
0.266457 0.278451
0.980529 0.995544
0.584368 0.360363
0.971343 0.661031
0.661794 0.740928
0.736900 0.892666
0.728813 0.917753
0.103824 0.032777
0.250069 0.693381
0.789392 0.149449
0.127934 0.275246
0.853969 0.716178
0.820276 0.139592
0.078921 0.719626
0.170232 0.550676
0.055361 0.874020
0.450026 0.640492
0.697287 0.750786
0.240242 0.921537
0.252754 0.258827
0.780114 0.209021
0.710440 0.789270
0.367840 0.943815
0.126713 0.429853
0.321177 0.139286
0.652455 0.643422
0.636006 0.998596
0.289102 0.169256
0.419477 0.487106
0.697012 0.933012
0.729057 0.089084
0.614856 0.257576
0.681143 0.334086
0.537034 0.989319
0.324931 0.000061
0.368053 0.510483
0.057619 0.137425
0.096133 0.405805
0.439558 0.856227
0.581744 0.087191
0.784265 0.739494
0.766411 0.832881
0.978454 0.307413
0.605090 0.634510
0.067721 0.531785
0.090304 0.597491
0.290536 0.200903
0.647572 0.851924
0.460158 0.998932
0.229926 0.379437
0.473525 0.483718
0.690451 0.733848
0.374371 0.031587
0.372326 0.368358
0.765435 0.416395
0.827448 0.677389
0.989074 0.533952
0.116398 0.179113
0.547319 0.115909
0.361888 0.006745
0.675039 0.288980
0.354320 0.716788
0.920713 0.499832
0.908780 0.807031
0.336467 0.117313
0.408795 0.699850
0.195807 0.602191
0.492508 0.241127
0.411328 0.830317
0.753105 0.330576
0.393445 0.678762
0.202368 0.788049
0.805261 0.609973
0.082095 0.636097
0.171026 0.346263
0.932218 0.507614
0.966460 0.932463
0.878842 0.153356
0.823603 0.555010
0.207099 0.172491
0.354869 0.840205
0.314158 0.951628
0.603137 0.851985
0.058779 0.840724
0.002228 0.989196
0.159337 0.381603
0.132298 0.506668
0.056154 0.209326
0.920408 0.834376
0.661306 0.211707
0.818201 0.298776
0.963591 0.076662
0.419874 0.235786
0.202216 0.095096
0.129612 0.890072
0.312876 0.075198
0.885891 0.746391
0.649098 0.402844
0.633168 0.153752
0.749474 0.151891
0.836940 0.862331
0.742576 0.705618
0.743522 0.796838
0.994507 0.831172
0.662954 0.610981
0.961089 0.409711
0.592730 0.137089
0.909452 0.199103
0.318766 0.466201
0.105899 0.012360
0.726341 0.150456
0.831629 0.295389
0.282479 0.374706
0.988739 0.112278
0.753838 0.719504
0.930509 0.524522
0.438734 0.696097
0.786218 0.315897
0.688192 0.425733
0.861293 0.480850
0.783227 0.900662
0.324839 0.680532
0.717002 0.330332
0.303201 0.835353
0.640370 0.314646
0.133213 0.729637
0.064211 0.435438
0.206915 0.665639
0.321635 0.931516
0.119602 0.765282
0.091647 0.174718
0.196600 0.723594
0.317759 0.118748
0.486831 0.535020
0.416425 0.045442
0.840327 0.913053
0.932524 0.770684
0.948271 0.391736
0.992340 0.989227
0.365215 0.595111
0.627461 0.016572
0.574541 0.619404
0.185095 0.730277
0.230262 0.847316
0.078127 0.466842
0.791375 0.513016
0.742943 0.032533
0.658895 0.782006
0.882839 0.346019
0.289712 0.718345
0.292764 0.440535
0.601520 0.974792
0.947722 0.910337
0.691702 0.869076
0.249550 0.506668
0.935545 0.147282
0.018525 0.434370
0.491012 0.175176
0.525468 0.721335
0.953764 0.510178
0.246681 0.027589
0.044618 0.864223
0.305032 0.192663
0.366070 0.424970
0.614063 0.874508
0.846553 0.814417
0.248665 0.241798
0.411939 0.645192
0.174139 0.249550
0.149632 0.877712
0.597186 0.813715
0.828242 0.386578
0.540574 0.972289
0.472518 0.251167
0.010071 0.883877
0.867763 0.500443
0.508835 0.796686
0.423780 0.966582
0.523911 0.367412
0.607532 0.569903
0.063570 0.423383
0.129307 0.059999
0.494400 0.975829
0.335368 0.707877
0.318949 0.624866
0.809931 0.665090
0.475478 0.583087
0.768883 0.189062
0.362255 0.793207
0.165929 0.009888
0.312998 0.724876
0.098025 0.264565
0.746269 0.928037
0.387585 0.793512
0.360881 0.558977
0.083743 0.943937
0.912015 0.971587
0.398358 0.529252
0.442213 0.807917
0.583453 0.765130
0.353587 0.684133
0.047334 0.408155
0.477462 0.131138
0.037202 0.170812
0.133580 0.536027
0.192724 0.111270
0.721427 0.795160
0.962523 0.843165
0.857112 0.695059
0.079409 0.852626
